time 2018-09-05 16:14:04
robNum  20
tskNum  50
max_cordx  100
max_cordy  100
max_vel  2.5
max_abi  1.2
max_rat  1.2
max_state  1.2
comp_threhold  0.1
rob2tskDis  58.52349955359813 78.39005038906404 65.29931086925804 26.570660511172846 31.38470965295043 54.037024344425184 66.24198064671678 75.58438992278762 64.07027391856539 53.74011537017761 27.892651361962706 25.632011235952593 78.26237921249263 42.01190307520001 19.924858845171276 32.0 62.76941930590086 35.34119409414458 15.0 57.584720195551874 57.0087712549569 31.04834939252005 83.54639429682169 31.906112267087632 85.0 34.0 65.60487786742691 77.82673062643708 31.622776601683793 18.110770276274835 51.54609587543949 3.1622776601683795 25.317977802344327 59.464274989274024 40.11234224026316 50.48762224545735 3.1622776601683795 68.0294054067798 41.0 37.0 54.91812087098393 64.1248781675256 82.02438661763951 85.88364221433555 58.69412236331676 42.579337712087536 76.05918747922567 68.76772498781678 49.040799340956916 63.25345840347388 18.35755975068582 39.0 26.076809620810597 71.11961754677819 45.70557952810576 39.698866482558415 27.784887978899608 41.19465984809196 13.601470508735444 45.34313619501854 67.72001181334805 70.66116330771806 43.04648650006177 30.805843601498726 71.30918594402827 75.8946638440411 21.2602916254693 69.63476143421474 84.00595217006948 69.42621983083913 23.021728866442675 82.96987405076617 49.03060268852505 45.89117562233506 48.093658625644196 95.85405573057407 37.73592452822641 44.10215414239989 42.04759208325728 74.67261881037788 69.40461079784254 73.17103251970687 82.85529554590944 32.2490309931942 32.38826948140329 89.47066558375433 71.84705978674423 37.36308338453881 79.20227269466452 77.62087348130012 18.110770276274835 14.422205101855956 14.142135623730951 48.16637831516918 98.97979591815695 86.00581375697809 11.704699910719626 51.62363799656123 36.069377593742864 53.225933528685054 65.79513659838392 78.84795495128583 73.78346698278686 19.849433241279208 40.45985664828782 63.655321851358195 74.88658090739622 75.58438992278762 68.3593446428504 63.7808748764079 38.600518131237564 19.1049731745428 78.10889834071403 47.29693436154187 13.45362404707371 42.190046219457976 70.71067811865476 29.068883707497267 20.615528128088304 68.35202996254024 64.88451279003334 40.19950248448356 93.33809511662427 41.10960958218893 84.50443775329198 23.323807579381203 75.07329751649384 77.4919350642375 39.44616584663204 10.0 62.297672508690084 13.341664064126334 15.0 60.8276253029822 45.880278987817846 60.07495318350236 8.602325267042627 68.41052550594829 51.15662224971465 47.16990566028302 61.35144660071187 68.26419266350405 86.37129152675674 85.44003745317531 67.7421582177598 52.08646657242167 80.30566605165541 79.02531240052139 50.48762224545735 60.90155991434045 53.907327887774215 100.68763578513501 48.30113870293329 77.23341245859851 37.94733192202055 32.449961479175904 47.4236228055175 100.16985574512923 73.66138744281159 26.92582403567252 26.248809496813376 76.23647421018367 102.9271587094485 57.706152185014034 71.56814934033156 25.0 51.31276644267 84.0 50.774009099144415 5.385164807134504 49.040799340956916 31.827660925679098 47.16990566028302 37.0 109.83624174196785 87.66413177577246 38.897300677553446 103.24727599312246 44.598206241955516 71.19691004531025 3.1622776601683795 51.54609587543949 79.30952023559341 82.85529554590944 55.00909015790027 22.090722034374522 56.753854494650845 92.78469701410896 18.601075237738275 21.213203435596427 57.3149195236284 74.41102068914255 86.05230967266364 110.38568747804219 29.427877939124322 24.166091947189145 82.13403679352427 30.0 75.64390259630977 98.08159868191383 48.010415536631214 79.40403012442127 51.92301994298868 41.012193308819754 19.0 38.47076812334269 52.49761899362675 77.46612162745726 59.135437767890075 37.20215047547655 11.045361017187261 40.01249804748511 80.2807573457052 37.16180835212409 35.05709628591621 17.88854381999832 50.635955604688654 48.507731342539614 21.18962010041709 39.84971769034255 45.27692569068709 21.2602916254693 67.20119046564577 19.026297590440446 87.32124598286491 51.884487084291386 50.11985634456667 80.15609770940699 22.80350850198276 34.52535300326414 33.95585369269929 15.811388300841896 42.720018726587654 60.0 34.539832078341085 37.16180835212409 20.248456731316587 69.65629906907199 26.248809496813376 22.47220505424423 46.389654018972806 59.464274989274024 76.15773105863909 88.09086218218096 46.52956049652737 30.01666203960727 70.60453243241541 51.62363799656123 50.32891812864648 69.40461079784254 51.62363799656123 92.65527507918802 50.35871324805669 61.00819617067857 27.586228448267445 34.058772731852805 50.15974481593781 91.43850392476902 68.24221567329127 30.066592756745816 9.055385138137417 60.00833275470999 94.26027795418386 48.79549159502341 55.036351623268054 8.94427190999916 51.419840528729765 68.3593446428504 33.60059523282288 21.633307652783937 47.43416490252569 17.08800749063506 57.584720195551874 26.870057685088806 101.31633629380802 70.22819946431775 44.181444068749045 94.36630754670864 34.058772731852805 54.3323108288245 15.264337522473747 34.20526275297414 62.16912416947821 73.7563556583431 45.967379738244816 20.518284528683193 39.6232255123179 83.73768566183328 9.433981132056603 8.06225774829855 52.839379254491625 68.81860213634101 83.18653737234169 101.9803902718557 30.4138126514911 16.15549442140351 78.39005038906404 40.311288741492746 65.21502894272147 86.35392289873113 47.43416490252569 43.93176527297759 59.53990258641679 20.223748416156685 38.05259518088089 57.48912940721924 61.29437168288782 40.52159917870962 39.824615503479755 60.67124524847005 53.71219600798314 20.09975124224178 43.01162633521314 26.419689627245813 23.194827009486403 61.29437168288782 54.378304497290095 17.204650534085253 51.40038910358559 76.53103945458993 49.24428900898052 63.8200595424354 84.69356528095862 39.05124837953327 49.39635614091387 45.70557952810576 66.12866246946176 42.37924020083418 32.01562118716424 27.294688127912362 72.18032973047436 39.05124837953327 33.13608305156178 27.073972741361768 27.313000567495326 80.49844718999243 33.83784863137726 33.54101966249684 69.35416353759881 65.7419196555744 40.607881008493905 39.35733730830886 56.64803615307419 50.32891812864648 89.94442728707543 73.43023900274328 50.695167422546305 75.7099729229908 17.72004514666935 26.90724809414742 29.206163733020468 49.20365840057018 39.824615503479755 33.94112549695428 18.027756377319946 36.138621999185304 41.400483088968905 47.4236228055175 31.064449134018133 39.319206502675 38.2099463490856 33.24154027718932 50.24937810560445 9.219544457292887 32.449961479175904 46.66904755831214 35.35533905932738 35.84689665786984 46.09772228646444 56.515484603779164 29.732137494637012 51.40038910358559 63.953107821277925 18.973665961010276 57.3149195236284 56.938563381947034 45.18849411078001 50.20956084253277 11.40175425099138 35.35533905932738 52.81098370604357 34.23448553724738 44.10215414239989 29.832867780352597 8.06225774829855 64.81512169239521 32.0624390837628 39.6232255123179 53.41348144429457 50.32891812864648 23.706539182259394 31.144823004794873 49.01020301937138 58.05170109479997 74.65252842335616 58.728187440104094 43.04648650006177 54.3415126767741 20.615528128088304 42.15447781671598 33.421549934136806 80.77747210701756 29.120439557122072 66.40783086353596 22.20360331117452 12.649110640673518 28.635642126552707 80.52949770115296 53.2634959423431 8.0 25.495097567963924 65.45991139621256 83.24061508662703 38.897300677553446 61.84658438426491 30.59411708155671 31.304951684997057 71.58910531638176 51.03920062069938 18.867962264113206 28.600699292150182 38.8329756778952 36.71511950137164 21.213203435596427 90.0499861188218 82.09750300709517 22.090722034374522 83.64807230295268 28.0 62.609903369994115 17.804493814764857 46.75467891024384 71.58910531638176 63.56099432828282 36.40054944640259 38.897300677553446 50.21951811795888 73.348483283569 30.14962686336267 30.01666203960727 36.87817782917155 54.037024344425184 65.60487786742691 90.55385138137417 47.92702786528704 37.21558813185679 61.61980201201558 20.518284528683193 57.28001396647874 80.2807573457052 65.43699259593154 111.40017953306898 59.941638282582836 83.09632964216891 47.41307836451879 44.10215414239989 59.033888572581766 110.67971810589327 84.86459803710851 38.58756276314948 31.064449134018133 82.09750300709517 113.46365056704283 67.95586803212802 77.00649323271382 26.476404589747453 62.96824596572466 90.55385138137417 51.86520991955976 15.524174696260024 60.60528029800704 30.870698080866262 57.0350769263968 46.52956049652737 120.43255373859678 90.47098982546837 50.32891812864648 113.718951806636 54.120236510939236 76.05918747922567 14.212670403551895 55.326304774492215 83.48652585896721 93.1933474020544 65.19202405202648 14.422205101855956 61.1310068623117 103.1746092796091 17.72004514666935 21.587033144922902 68.59300255857006 85.58621384311844 97.6165969494942 121.01652779682617 19.026297590440446 20.0 93.60555539069249 40.44749683231337 85.47514258543241 107.42439201596628 21.095023109728988 71.30918594402827 8.94427190999916 77.42092740338364 34.828149534535996 12.649110640673518 7.211102550927978 72.3671196055225 42.20189569201838 16.0 48.27007354458868 76.60939890117922 74.73285756613352 38.897300677553446 74.51845409024533 54.3323108288245 14.560219778561036 80.1311425102625 72.09022125087424 37.57658845611187 17.029386365926403 62.51399843235114 19.697715603592208 34.20526275297414 80.77747210701756 97.59098319004681 2.8284271247461903 75.50496672405067 36.87817782917155 76.4198926981712 39.56008088970496 65.19202405202648 85.63293758829018 58.034472514187634 37.69615364994153 62.16912416947821 67.00746227100382 66.48308055437865 54.08326913195984 54.00925846556311 28.0 43.174066289845804 48.82622246293481 81.04319835741924 70.60453243241541 61.1310068623117 46.52956049652737 16.64331697709324 55.57877292636101 78.16009211867653 15.556349186104045 59.21148537234985 9.219544457292887 78.56844150166147 41.7612260356422 25.709920264364882 9.848857801796104 61.00819617067857 31.144823004794873 30.675723300355934 60.00833275470999 77.89736837660179 63.071388124885914 36.796738985948195 77.00649323271382 67.11929677819934 9.848857801796104 79.39773296511683 81.25269226308751 53.71219600798314 15.652475842498529 75.02666192761077 28.442925306655784 41.48493702538308 68.46897107449476 101.25709851659784 19.209372712298546 64.03124237432849 41.14608122288197 79.63039620647382 55.154328932550705 72.44998274671983 88.60022573334675 49.24428900898052 36.796738985948195 77.20103626247513 72.91776189653656 56.22277118748239 68.24954212300622 67.60177512462228 22.20360331117452 32.14031735997639 33.54101966249684 68.59300255857006 86.03487664894976 75.31268153505093 32.28002478313795 32.55764119219941 49.658836071740545 70.3420215802759 35.35533905932738 83.72574275573791 29.546573405388315 70.51950084905593 26.30589287593181 13.601470508735444 28.792360097775937 83.6301381082203 55.80322571321482 8.06225774829855 28.30194339616981 69.57010852370435 86.31338250816034 42.44997055358225 65.92419889539804 32.57299494980466 32.449961479175904 75.7099729229908 54.20332093147061 16.278820596099706 30.4138126514911 40.80441152620633 34.0147027033899 25.317977802344327 93.05912099305473 85.98255637046388 21.095023109728988 86.76404785393545 32.01562118716424 66.64082832618455 16.55294535724685 50.44799302251776 75.59100475585703 66.85057965343307 40.024992192379 38.8329756778952 54.08326913195984 76.55716818169282 31.016124838541646 31.400636936215164 39.408120990476064 56.61271941887264 67.35725647619564 93.53608929178085 47.43416490252569 38.0 63.63961030678928 17.204650534085253 60.876925020897694 83.95236744726142 76.94153624668537 84.8528137423857 85.44588931013593 21.840329667841555 52.40229002629561 75.66372975210778 86.6083136886985 81.21576201698781 77.6659513557904 75.82216034906945 49.76946855251722 21.587033144922902 83.54639429682169 57.584720195551874 18.0 52.392747589718944 82.15229759416349 29.966648127543394 28.0 79.7057087039567 76.32168761236873 49.16299421312742 105.3612832116238 53.075418038862395 89.49860334105779 11.704699910719626 87.04596486914255 82.76472678623425 51.03920062069938 14.035668847618199 73.53910524340094 24.596747752497688 10.0 68.00735254367721 56.462376853972415 69.18092222571191 20.615528128088304 74.54528824815154 61.18823416311342 57.271284253105414 72.09022125087424 77.46612162745726 95.524865872714 90.47098982546837 76.02631123499285 61.204574992397426 89.44271909999159 91.0494371207203 58.034472514187634 64.51356446515724 50.99019513592785 26.076809620810597 64.13267497929586 37.8549864614954 52.55473337388365 67.11929677819934 66.09841147864296 22.0 34.9857113690718 71.449282711585 71.56116265125938 38.07886552931954 24.08318915758459 34.23448553724738 42.37924020083418 79.63039620647382 58.249463516842795 31.016124838541646 71.61005515987263 90.80198235721508 54.45181356024793 82.97590011563598 90.4267659490264 53.48831648126533 29.832867780352597 62.07253821135398 73.24616030891995 23.194827009486403 45.880278987817846 46.486557196677836 87.31551981177229 59.20304046246274 50.635955604688654 16.401219466856727 36.49657518178932 98.47842403288143 54.08326913195984 16.76305461424021 87.13208364316786 83.7615663654877 43.73785545725808 34.132096331752024 47.50789408087881 30.805843601498726 108.16653826391968 91.83681179135085 42.42640687119285 85.00588214941364 16.0 7.615773105863909 46.52956049652737 23.08679276123039 59.682493245507096 40.19950248448356 50.08991914547278 63.387695966961914 61.66036003787198 19.4164878389476 30.01666203960727 67.89698078707183 70.0 40.311288741492746 21.840329667841555 30.805843601498726 44.14748010928823 78.24321056807422 53.75872022286245 34.132096331752024 71.8679344353238 87.92041856133307 50.15974481593781 82.03657720797473 85.98837130682264 50.99019513592785 28.231188426986208 65.00769185258002 69.06518659932803 21.18962010041709 43.382023926967726 48.27007354458868 84.69356528095862 59.36328831862332 53.150729063673246 11.40175425099138 33.24154027718932 96.83491106000976 54.589376255824725 13.038404810405298 85.44588931013593 82.20097323024831 39.319206502675 29.154759474226502 42.638011210655684 29.154759474226502 106.60675400742676 90.4267659490264 37.48332962798263 81.09870529176159 12.36931687685298 11.0 34.40930106817051 52.15361924162119 44.598206241955516 29.068883707497267 19.026297590440446 39.56008088970496 46.09772228646444 50.0 36.0 42.20189569201838 36.61966684720111 28.319604517012593 52.80151512977634 14.560219778561036 27.202941017470888 44.82186966202994 40.36087214122113 31.78049716414141 41.7612260356422 57.55866572463264 34.655446902326915 48.83646178829912 68.09552114493287 20.024984394500787 59.81638571495272 51.62363799656123 49.24428900898052 52.630789467763066 13.152946437965905 30.01666203960727 53.36665625650534 29.614185789921695 38.8329756778952 32.7566787083184 13.416407864998739 63.51377803280167 27.0 42.20189569201838 52.15361924162119 48.82622246293481 29.068883707497267 36.013886210738214 54.00925846556311 60.60528029800704 73.23933369440222 57.0087712549569 48.0 57.56735185849702 22.80350850198276 42.5440947723653 62.07253821135398 93.1933474020544 64.77653896280658 47.43416490252569 33.24154027718932 50.0 65.11528238439882 91.02197536858887 73.68174807915459 47.53945729601885 14.7648230602334 46.486557196677836 93.81364506296512 51.62363799656123 40.80441152620633 13.416407864998739 64.1248781675256 56.08029957123981 12.529964086141668 42.80186911806539 59.00847396772772 10.198039027185569 76.94153624668537 33.13608305156178 100.80178569846865 50.99019513592785 61.35144660071187 93.60021367496978 37.36308338453881 38.8329756778952 36.40054944640259 17.72004514666935 45.044422518220834 73.78346698278686 49.040799340956916 30.01666203960727 24.041630560342615 83.23460818673925 21.840329667841555 18.027756377319946 60.8276253029822 74.0 90.70832376358854 101.6070863670443 37.8549864614954 22.02271554554524 85.16454661418682 60.207972893961475 63.8200595424354 81.39410298049853 52.49761899362675 2.0 64.53681120105021 63.50590523722971 66.52818951391959 73.40980860893181 66.49060083951716 4.0 31.04834939252005 78.7210264160726 88.45903006477066 63.63961030678928 2.8284271247461903 45.34313619501854 67.468511173732 97.0 58.69412236331676 57.0087712549569 93.91485505499116 101.35580891098448 57.245087125446844 101.82828683622247 89.56003573022959 67.26812023536856 7.615773105863909 88.05112151472007 75.69015788066504 4.242640687119285 60.108235708594876 71.58910531638176 99.29753269845128 81.39410298049853 76.4198926981712 20.615528128088304 48.16637831516918 114.58621208504974 77.07788269017254 11.180339887498949 103.24727599312246 100.41912168506553 46.61544808322666 30.083217912982647 32.57299494980466 8.06225774829855 124.48293055676348 108.93117092916977 30.265491900843113 89.1852005660132 30.528675044947494 24.041630560342615 34.785054261852174 30.886890422961002 47.80167361086848 37.107950630558946 36.71511950137164 50.08991914547278 49.72926703662542 28.600699292150182 23.021728866442675 54.45181356024793 57.38466694161429 36.87817782917155 31.400636936215164 17.26267650163207 39.11521443121589 65.79513659838392 42.05948168962618 34.0 62.24146527838174 74.33034373659252 37.8549864614954 70.178344238091 73.97972695272672 37.589892258425 38.41874542459709 62.5859409132754 56.43580423808985 31.240998703626616 30.01666203960727 43.04648650006177 71.17583859709698 49.76946855251722 49.8196748283246 11.704699910719626 19.6468827043885 84.02380615040002 45.880278987817846 20.808652046684813 72.62231062146122 69.52697318307479 27.51363298439521 22.47220505424423 39.56008088970496 39.20459156782532 93.86160024205851 77.89736837660179 33.61547262794322 68.0 1.4142135623730951 24.331050121192877
tskDis  0.0 50.59644256269407 13.152946437965905 63.0317380372777 29.017236257093817 22.02271554554524 15.132745950421556 51.419840528729765 21.540659228538015 27.65863337187866 50.00999900019995 62.369864518050704 53.85164807134504 21.2602916254693 61.61168720299745 57.97413216254298 7.280109889280518 63.89053137985315 68.46897107449476 51.62363799656123 5.0 65.30696746902278 39.45883931389772 29.0 60.08327554319921 85.98255637046388 23.345235059857504 54.57105459856901 26.92582403567252 64.35060217278468 51.22499389946279 58.69412236331676 73.23933369440222 37.0 21.2602916254693 71.11961754677819 58.52349955359813 45.39823785126467 60.92618484691127 59.464274989274024 7.280109889280518 22.47220505424423 32.202484376209235 60.40695324215582 80.62257748298549 67.77905281132217 28.284271247461902 36.68787265568828 35.4400902933387 57.42821606144492 50.59644256269407 0.0 62.5859409132754 63.28506932918696 65.06919393998976 71.58910531638176 64.53681120105021 4.47213595499958 29.120439557122072 76.92203845452875 87.11486669908874 63.387695966961914 4.47213595499958 43.86342439892262 67.08203932499369 95.67131231461184 56.753854494650845 57.0087712549569 93.03762679690406 99.64436762808022 55.362442142665635 100.60318086422517 87.5728268357257 65.79513659838392 9.486832980505138 88.0056816347672 73.76313442364011 5.830951894845301 58.69412236331676 71.19691004531025 97.65244492586962 80.52949770115296 76.23647421018367 19.4164878389476 46.69047011971501 113.14592347937243 76.32168761236873 10.44030650891055 101.82337649086284 99.03534722511958 44.77722635447622 28.160255680657446 30.675723300355934 9.848857801796104 123.0447073221762 107.56393447619885 28.284271247461902 87.28115489611719 29.5296461204668 24.698178070456937 13.152946437965905 62.5859409132754 0.0 73.66138744281159 34.0147027033899 16.492422502470642 2.0 63.788713735268246 33.54101966249684 21.540659228538015 51.088159097779204 72.91776189653656 66.09841147864296 33.12099032335839 71.449282711585 58.034472514187634 6.0 75.45197147855052 73.08214556237385 44.94441010848846 10.295630140987 66.0 26.30589287593181 33.61547262794322 72.03471385380801 95.26804291051643 11.661903789690601 66.91038783328041 34.40930106817051 73.7563556583431 46.09772228646444 64.88451279003334 82.87943049997388 50.039984012787215 32.449961479175904 68.00735254367721 65.86349520030045 58.137767414994535 59.033888572581766 58.42088667591412 20.396078054371138 34.52535300326414 40.0 72.27724399837061 76.89603370785778 66.09841147864296 37.589892258425 25.553864678361276 48.507731342539614 70.57619995437555 63.0317380372777 63.28506932918696 73.66138744281159 0.0 44.77722635447622 67.60177512462228 75.16648189186454 59.53990258641679 59.23681287847955 69.35416353759881 52.03844732503075 1.0 61.814237842102365 42.01190307520001 6.708203932499369 57.706152185014034 69.29646455628166 9.219544457292887 39.96248240537617 79.76214641043707 63.655321851358195 57.56735185849702 96.79876032264049 45.69463863518345 67.68308503607086 25.495097567963924 77.93587107359485 61.0 40.8166632639171 9.899494936611665 74.33034373659252 29.732137494637012 13.0 47.265209192385896 41.773197148410844 76.68767828015137 23.40939982143925 53.08483775994799 66.61080993352356 62.64982043070834 57.0087712549569 58.872744118140105 76.53757247260981 68.65857557508748 85.16454661418682 68.8839603971781 70.51950084905593 85.0 37.8549864614954 42.720018726587654 29.017236257093817 65.06919393998976 34.0147027033899 44.77722635447622 0.0 23.430749027719962 34.88552708502482 63.89053137985315 41.593268686170845 24.596747752497688 22.825424421026653 43.86342439892262 66.70832032063167 21.213203435596427 40.8166632639171 31.38470965295043 32.01562118716424 49.47726750741192 39.6232255123179 38.63935817272331 26.476404589747453 37.69615364994153 53.150729063673246 1.0 73.7563556583431 62.96824596572466 34.655446902326915 66.84309986827361 6.708203932499369 42.20189569201838 34.785054261852174 30.870698080866262 51.40038910358559 46.22769732530488 18.384776310850235 48.08326112068523 32.202484376209235 56.22277118748239 36.796738985948195 34.20526275297414 27.65863337187866 42.05948168962618 57.87054518492115 74.41102068914255 57.982756057296896 42.80186911806539 52.55473337388365 40.24922359499622 38.07886552931954 60.166435825965294 22.02271554554524 71.58910531638176 16.492422502470642 67.60177512462228 23.430749027719962 0.0 16.1245154965971 71.8679344353238 43.04648650006177 5.656854249492381 35.6931365951495 66.73080248281148 74.46475676452586 33.0 64.07027391856539 42.04759208325728 18.867962264113206 71.30918594402827 59.50630218724736 29.732137494637012 17.029386365926403 50.15974481593781 29.732137494637012 22.67156809750927 81.02468759581859 86.37129152675674 11.661903789690601 75.02666192761077 26.832815729997478 65.60487786742691 30.01666203960727 53.009433122794285 74.81310045707235 55.78530272392541 31.064449134018133 51.54609587543949 55.226805085936306 65.14598989960932 42.579337712087536 42.1070065428546 26.832815729997478 43.9089968002003 53.81449618829484 81.43709228600933 60.53924347066124 49.64876634922564 50.24937810560445 18.24828759089466 51.15662224971465 74.33034373659252 15.132745950421556 64.53681120105021 2.0 75.16648189186454 34.88552708502482 16.1245154965971 0.0 65.76473218982953 35.510561809129406 20.8806130178211 51.24451190127583 74.41102068914255 68.06614430096654 34.88552708502482 72.83543093852057 58.0 8.0 77.10382610480494 73.68174807915459 43.9089968002003 12.083045973594572 66.03029607687671 24.331050121192877 34.438350715445125 73.97972695272672 96.54014708917737 10.0 68.8839603971781 35.608987629529715 75.07329751649384 45.31004303683677 65.7419196555744 84.21995013059554 52.03844732503075 34.132096331752024 67.446274915669 66.88796603276258 60.13318551349163 58.69412236331676 58.215118311311535 22.360679774997898 36.49657518178932 41.617304093369626 74.21590126111789 76.21679604916491 65.76473218982953 39.35733730830886 23.853720883753127 50.44799302251776 72.56031973468694 51.419840528729765 4.47213595499958 63.788713735268246 59.53990258641679 63.89053137985315 71.8679344353238 65.76473218982953 0.0 30.265491900843113 77.07788269017254 85.56284240252891 59.682493245507096 2.8284271247461903 42.80186911806539 63.56099432828282 94.06912352095134 57.87054518492115 53.009433122794285 90.35485598461214 99.36297097007517 56.04462507680822 98.71676655968832 89.20201791439474 64.66065264130884 9.899494936611665 84.0535543567314 74.73285756613352 3.1622776601683795 57.38466694161429 67.68308503607086 97.09788875150684 77.82673062643708 72.44308110509934 17.69180601295413 45.60701700396552 111.8659912573969 73.40980860893181 7.810249675906654 100.4987562112089 97.59098319004681 45.221676218380054 29.274562336608895 34.0147027033899 10.63014581273465 121.75385004179539 106.06601717798213 31.04834939252005 88.05679985100527 27.202941017470888 20.248456731316587 21.540659228538015 29.120439557122072 33.54101966249684 59.23681287847955 41.593268686170845 43.04648650006177 35.510561809129406 30.265491900843113 0.0 48.54894437575342 64.41273166075166 58.872744118140105 32.55764119219941 22.360679774997898 60.166435825965294 72.94518489934754 27.65863337187866 56.938563381947034 76.94153624668537 72.00694410957877 26.40075756488817 79.20227269466452 59.033888572581766 42.05948168962618 38.600518131237564 84.43340571124678 44.64302857109943 33.37663853655727 36.40054944640259 63.788713735268246 70.76722405181653 65.27633568147036 71.47027354082255 18.788294228055936 24.73863375370596 88.60022573334675 63.0 25.079872407968907 77.6659513557904 75.47184905645283 16.401219466856727 1.0 18.027756377319946 38.897300677553446 98.40731680114035 84.05950273467003 12.0 58.18934610390462 22.80350850198276 39.92492955535426 27.65863337187866 76.92203845452875 21.540659228538015 69.35416353759881 24.596747752497688 5.656854249492381 20.8806130178211 77.07788269017254 48.54894437575342 0.0 32.89376840679705 68.4470598345904 79.7057087039567 37.21558813185679 65.36818798161687 38.47076812334269 24.413111231467404 73.68174807915459 57.8013840664737 24.08318915758459 22.67156809750927 46.69047011971501 30.0 23.706539182259394 86.33075929238663 86.83317338436964 14.142135623730951 80.23091673413684 29.120439557122072 66.57326790837296 24.596747752497688 52.40229002629561 75.71657678474378 60.728905802755904 35.05709628591621 46.57252408878007 55.226805085936306 70.22819946431775 38.118237105091836 38.01315561749642 32.2490309931942 49.39635614091387 59.464274989274024 86.76404785393545 55.362442142665635 45.17742799230607 55.90169943749474 15.652475842498529 55.57877292636101 78.77182237323191 50.00999900019995 87.11486669908874 51.088159097779204 52.03844732503075 22.825424421026653 35.6931365951495 51.24451190127583 85.56284240252891 64.41273166075166 32.89376840679705 0.0 51.03920062069938 88.3911760301898 43.60045871318328 46.010868281309364 8.602325267042627 51.088159097779204 59.53990258641679 26.1725046566048 29.966648127543394 46.389654018972806 15.297058540778355 62.177166226839255 22.360679774997898 95.46203433826454 61.465437442517235 46.84015371452148 88.3911760301898 28.600699292150182 45.27692569068709 23.769728648009426 25.298221281347036 53.150729063673246 67.89698078707183 40.80441152620633 26.92582403567252 30.59411708155671 77.78174593052023 15.652475842498529 12.206555615733702 49.9799959983992 64.88451279003334 80.4114419718985 96.17692030835673 36.61966684720111 20.518284528683193 75.23961722390672 45.48626166217664 58.7962583843564 79.07591289387686 62.369864518050704 63.387695966961914 72.91776189653656 1.0 43.86342439892262 66.73080248281148 74.41102068914255 59.682493245507096 58.872744118140105 68.4470598345904 51.03920062069938 0.0 61.98386886924694 41.400483088968905 5.830951894845301 56.71860364994893 68.59300255857006 10.0 39.11521443121589 78.77182237323191 62.93647591023825 56.61271941887264 95.96353474106714 44.77722635447622 67.91170738539859 25.709920264364882 77.10382610480494 61.18823416311342 39.96248240537617 9.219544457292887 73.33484846919642 28.792360097775937 13.038404810405298 47.16990566028302 41.10960958218893 75.7099729229908 22.47220505424423 53.150729063673246 65.62011886609167 61.66036003787198 56.4003546088143 58.52349955359813 76.24303246854758 68.8839603971781 84.20213774008353 67.91170738539859 70.21395872616783 84.09518416651456 37.656340767525464 43.08131845707603 53.85164807134504 4.47213595499958 66.09841147864296 61.814237842102365 66.70832032063167 74.46475676452586 68.06614430096654 2.8284271247461903 32.55764119219941 79.7057087039567 88.3911760301898 61.98386886924694 0.0 45.60701700396552 65.96969000988257 96.89685237405806 60.207972893961475 55.08175741568164 93.05912099305473 102.08329931972223 58.52349955359813 101.53324578678651 91.35097153287424 67.47592163134935 7.0710678118654755 86.14522621712709 77.12976079309465 1.4142135623730951 60.207972893961475 70.09279563550022 99.85990186255943 80.52949770115296 74.67261881037788 20.518284528683193 48.41487374764082 114.69088891450794 76.05918747922567 10.63014581273465 103.32473082471591 100.41912168506553 47.75981574503821 31.575306807693888 35.11409973215888 7.810249675906654 124.57929201917949 108.89444430272832 32.55764119219941 90.52071586106685 30.0 21.587033144922902 21.2602916254693 43.86342439892262 33.12099032335839 42.01190307520001 21.213203435596427 33.0 34.88552708502482 42.80186911806539 22.360679774997898 37.21558813185679 43.60045871318328 41.400483088968905 45.60701700396552 0.0 41.182520563948 52.20153254455275 28.0178514522438 42.638011210655684 54.589376255824725 57.38466694161429 22.825424421026653 57.8013840664737 58.52349955359813 21.93171219946131 52.630789467763066 65.76473218982953 40.26164427839479 45.803929962395145 15.0 44.28317965096906 54.589376255824725 43.04648650006177 52.839379254491625 25.238858928247925 2.8284271247461903 69.29646455628166 41.19465984809196 35.22782990761707 58.0 55.31726674375732 15.0 22.561028345356956 40.11234224026316 53.2634959423431 79.19595949289332 63.89053137985315 34.23448553724738 51.088159097779204 18.439088914585774 41.593268686170845 61.61168720299745 67.08203932499369 71.449282711585 6.708203932499369 40.8166632639171 64.07027391856539 72.83543093852057 63.56099432828282 60.166435825965294 65.36818798161687 46.010868281309364 5.830951894845301 65.96969000988257 41.182520563948 0.0 51.35172830587107 67.47592163134935 15.811388300841896 33.28663395418648 74.33034373659252 61.71709649683789 50.96076922496363 93.60021367496978 41.677331968349414 72.12489168102785 24.596747752497688 74.81310045707235 65.25335240430181 37.64306044943742 4.123105625617661 68.73136110975832 23.08679276123039 11.661903789690601 50.00999900019995 40.496913462633174 70.21395872616783 16.76305461424021 56.71860364994893 60.29925372672534 56.32051136131489 56.08029957123981 59.90826320300064 77.87810988975015 73.08214556237385 78.587530817554 62.369864518050704 71.80529228406496 81.00617260431454 40.049968789001575 47.853944456021594 57.97413216254298 95.67131231461184 58.034472514187634 57.706152185014034 31.38470965295043 42.04759208325728 58.0 94.06912352095134 72.94518489934754 38.47076812334269 8.602325267042627 56.71860364994893 96.89685237405806 52.20153254455275 51.35172830587107 0.0 58.54912467321779 65.73431371817918 25.942243542145693 29.732137494637012 54.12947441089743 8.246211251235321 66.48308055437865 30.886890422961002 103.96634070698074 64.03124237432849 52.61178575186362 96.87620966986684 37.20215047547655 50.039984012787215 23.345235059857504 29.017236257093817 57.14017850864661 76.4198926981712 49.4064773081425 19.313207915827967 35.014282800023196 86.27861844049197 9.0 5.0 58.309518948453004 73.43023900274328 88.76936408468859 104.6900186264192 28.653097563788805 12.206555615733702 83.6719785830358 49.24428900898052 67.20863039818622 87.09190547921202 7.280109889280518 56.753854494650845 6.0 69.29646455628166 32.01562118716424 18.867962264113206 8.0 57.87054518492115 27.65863337187866 24.413111231467404 51.088159097779204 68.59300255857006 60.207972893961475 28.0178514522438 67.47592163134935 58.54912467321779 0.0 70.60453243241541 71.58910531638176 48.41487374764082 5.830951894845301 66.27216610312357 32.2490309931942 31.78049716414141 66.21933252457322 91.60785992479029 17.08800749063506 61.0 31.304951684997057 70.0 48.877397639399746 62.625873247404705 79.02531240052139 44.04543109109048 27.65863337187866 70.00714249274856 63.071388124885914 52.15361924162119 60.440052945046304 59.43904440685432 14.560219778561036 28.635642126552707 35.38361202590826 66.48308055437865 79.20227269466452 67.446274915669 32.449961479175904 30.870698080866262 42.720018726587654 64.6297145282261 63.89053137985315 57.0087712549569 75.45197147855052 9.219544457292887 49.47726750741192 71.30918594402827 77.10382610480494 53.009433122794285 56.938563381947034 73.68174807915459 59.53990258641679 10.0 55.08175741568164 42.638011210655684 15.811388300841896 65.73431371817918 70.60453243241541 0.0 49.09175083453431 86.14522621712709 65.21502894272147 66.12866246946176 99.76472322419383 50.44799302251776 60.530983801686226 31.064449134018133 80.95060222135473 54.147945482723536 44.598206241955516 19.1049731745428 81.00617260431454 38.48376280978771 20.248456731316587 42.720018726587654 43.01162633521314 84.8999411071645 32.202484376209235 47.16990566028302 74.52516353554684 70.61161377563892 57.3149195236284 56.43580423808985 73.40980860893181 61.5223536610881 93.60555539069249 77.20103626247513 67.54257916307313 89.19641248391103 34.438350715445125 34.92849839314596 68.46897107449476 93.03762679690406 73.08214556237385 39.96248240537617 39.6232255123179 59.50630218724736 73.68174807915459 90.35485598461214 76.94153624668537 57.8013840664737 26.1725046566048 39.11521443121589 93.05912099305473 54.589376255824725 33.28663395418648 25.942243542145693 71.58910531638176 49.09175083453431 0.0 55.21775076911409 66.09841147864296 21.37755832643195 87.66413177577246 39.81205847478876 99.84988733093293 39.20459156782532 71.11258679024411 92.66067126888301 42.01190307520001 30.4138126514911 48.82622246293481 12.529964086141668 34.92849839314596 73.92563831310488 52.3450093132096 41.30375285612676 17.69180601295413 82.73451516749222 34.17601498127012 30.463092423455635 66.007575322837 77.10382610480494 94.64142856064674 100.72239075796404 48.041648597857254 33.37663853655727 88.81441324469807 71.40028011149536 63.56099432828282 78.24321056807422 51.62363799656123 99.64436762808022 44.94441010848846 79.76214641043707 38.63935817272331 29.732137494637012 43.9089968002003 99.36297097007517 72.00694410957877 24.08318915758459 29.966648127543394 78.77182237323191 102.08329931972223 57.38466694161429 74.33034373659252 29.732137494637012 48.41487374764082 86.14522621712709 55.21775076911409 0.0 46.66904755831214 36.87817782917155 42.04759208325728 37.656340767525464 108.90821823902914 91.3892772703669 34.92849839314596 102.47438704378767 45.12205669071391 74.21590126111789 6.4031242374328485 55.154328932550705 82.56512580987206 82.29216244576394 54.78138369920935 27.294688127912362 60.08327554319921 92.13034245024816 23.853720883753127 26.248809496813376 55.60575509783138 72.80109889280519 83.54639429682169 109.41663493271945 34.132096331752024 29.546573405388315 79.90619500389191 25.079872407968907 75.61084578286372 98.37174391053561 5.0 55.362442142665635 10.295630140987 63.655321851358195 26.476404589747453 17.029386365926403 12.083045973594572 56.04462507680822 26.40075756488817 22.67156809750927 46.389654018972806 62.93647591023825 58.52349955359813 22.825424421026653 61.71709649683789 54.12947441089743 5.830951894845301 65.21502894272147 66.09841147864296 46.66904755831214 0.0 61.66036003787198 36.138621999185304 26.30589287593181 64.8459713474939 85.80209787645055 19.026297590440446 59.20304046246274 25.495097567963924 64.20280367709809 46.400431032480725 56.92099788303083 73.24616030891995 41.10960958218893 22.20360331117452 66.64082832618455 57.271284253105414 49.8196748283246 56.64803615307419 55.362442142665635 11.045361017187261 27.313000567495326 37.013511046643494 65.19202405202648 76.05918747922567 63.56886030125127 33.24154027718932 32.01562118716424 38.63935817272331 61.1310068623117 65.30696746902278 100.60318086422517 66.0 57.56735185849702 37.69615364994153 50.15974481593781 66.03029607687671 98.71676655968832 79.20227269466452 46.69047011971501 15.297058540778355 56.61271941887264 101.53324578678651 57.8013840664737 50.96076922496363 8.246211251235321 66.27216610312357 66.12866246946176 21.37755832643195 36.87817782917155 61.66036003787198 0.0 74.67261881037788 37.33630940518894 108.57716150277645 60.530983801686226 60.8276253029822 101.41498903022176 42.941821107167776 49.03060268852505 30.610455730027933 27.892651361962706 55.14526271584895 81.21576201698781 55.072679252057455 20.024984394500787 34.20526275297414 90.9065454189081 13.601470508735444 10.63014581273465 65.14598989960932 79.62411694957753 95.51963149007642 109.34349546269316 27.65863337187866 12.041594578792296 90.24965373894794 57.38466694161429 71.58910531638176 90.27181176868004 39.45883931389772 87.5728268357257 26.30589287593181 96.79876032264049 53.150729063673246 29.732137494637012 24.331050121192877 89.20201791439474 59.033888572581766 30.0 62.177166226839255 95.96353474106714 91.35097153287424 58.52349955359813 93.60021367496978 66.48308055437865 32.2490309931942 99.76472322419383 87.66413177577246 42.04759208325728 36.138621999185304 74.67261881037788 0.0 52.40229002629561 96.87620966986684 116.10340218959993 18.867962264113206 92.26592003551474 56.0357029044876 95.26804291051643 46.52956049652737 82.3286098510111 104.48444860360799 76.23647421018367 57.38466694161429 69.26037828369117 84.86459803710851 84.0 63.788713735268246 64.8459713474939 46.69047011971501 60.03332407921454 61.35144660071187 97.01546268507923 76.00657866263946 70.40596565632774 60.63827174318213 17.46424919657298 74.73285756613352 96.87620966986684 29.0 65.79513659838392 33.61547262794322 45.69463863518345 1.0 22.67156809750927 34.438350715445125 64.66065264130884 42.05948168962618 23.706539182259394 22.360679774997898 44.77722635447622 67.47592163134935 21.93171219946131 41.677331968349414 30.886890422961002 31.78049716414141 50.44799302251776 39.81205847478876 37.656340767525464 26.30589287593181 37.33630940518894 52.40229002629561 0.0 74.51845409024533 63.702433234531945 33.97057550292606 67.62396025078685 7.615773105863909 43.01162633521314 33.83784863137726 31.304951684997057 52.20153254455275 47.01063709417264 19.1049731745428 47.38143096192854 32.802438933713454 57.0087712549569 36.124783736376884 33.60059523282288 27.892651361962706 42.5440947723653 58.18934610390462 75.16648189186454 57.28001396647874 42.20189569201838 52.92447448959697 39.35733730830886 38.948684188300895 61.09828148156051 60.08327554319921 9.486832980505138 72.03471385380801 67.68308503607086 73.7563556583431 81.02468759581859 73.97972695272672 9.899494936611665 38.600518131237564 86.33075929238663 95.46203433826454 67.91170738539859 7.0710678118654755 52.630789467763066 72.12489168102785 103.96634070698074 66.21933252457322 60.530983801686226 99.84988733093293 108.90821823902914 64.8459713474939 108.57716150277645 96.87620966986684 74.51845409024533 0.0 91.54780172128658 83.24061508662703 7.211102550927978 67.26812023536856 76.24303246854758 106.78014796768171 87.32124598286491 80.4114419718985 27.586228448267445 55.44366510251645 121.75385004179539 82.73451516749222 17.69180601295413 110.39021695784459 107.48953437428223 54.230987451824994 37.64306044943742 38.63935817272331 1.0 131.64345787011217 115.96551211459379 37.013511046643494 96.76776322722355 37.013511046643494 26.0 85.98255637046388 88.0056816347672 95.26804291051643 25.495097567963924 62.96824596572466 86.37129152675674 96.54014708917737 84.0535543567314 84.43340571124678 86.83317338436964 61.465437442517235 25.709920264364882 86.14522621712709 65.76473218982953 24.596747752497688 64.03124237432849 91.60785992479029 31.064449134018133 39.20459156782532 91.3892772703669 85.80209787645055 60.530983801686226 116.10340218959993 63.702433234531945 91.54780172128658 0.0 97.59098319004681 85.21150157109074 60.959002616512684 21.633307652783937 85.23496934944014 36.24913792078372 13.0 72.69112738154499 65.0 80.50465825031493 31.906112267087632 78.02563681252464 72.78049189171504 68.8839603971781 80.62257748298549 84.11896337925236 101.92153844992725 92.5418824100742 87.02298546935747 72.56031973468694 95.88013350011565 102.20078277586722 63.34824385884742 65.76473218982953 23.345235059857504 73.76313442364011 11.661903789690601 77.93587107359485 34.655446902326915 11.661903789690601 10.0 74.73285756613352 44.64302857109943 14.142135623730951 46.84015371452148 77.10382610480494 77.12976079309465 40.26164427839479 74.81310045707235 52.61178575186362 17.08800749063506 80.95060222135473 71.11258679024411 34.92849839314596 19.026297590440446 60.8276253029822 18.867962264113206 33.97057550292606 83.24061508662703 97.59098319004681 0.0 77.87810988975015 37.20215047547655 76.57675887630658 37.107950630558946 64.63745044476924 85.7962703152066 60.13318551349163 38.897300677553446 59.841457201508724 66.70832032063167 68.73136110975832 52.009614495783374 52.08646657242167 30.066592756745816 45.60701700396552 51.61395160225576 83.5224520712844 68.15423684555495 59.033888572581766 49.24428900898052 13.892443989449804 57.3149195236284 80.05623023850174 54.57105459856901 5.830951894845301 66.91038783328041 61.0 66.84309986827361 75.02666192761077 68.8839603971781 3.1622776601683795 33.37663853655727 80.23091673413684 88.3911760301898 61.18823416311342 1.4142135623730951 45.803929962395145 65.25335240430181 96.87620966986684 61.0 54.147945482723536 92.66067126888301 102.47438704378767 59.20304046246274 101.41498903022176 92.26592003551474 67.62396025078685 7.211102550927978 85.21150157109074 77.87810988975015 0.0 60.30754513325841 69.3757882838098 100.16985574512923 80.1311425102625 73.824115301167 20.615528128088304 48.60041152089147 114.76933388322858 75.58438992278762 10.63014581273465 103.39245620450265 100.44899203078147 48.38388161361178 32.38826948140329 36.40054944640259 8.06225774829855 124.65151423067431 108.90362712049586 33.734255586866 91.21403400793103 29.832867780352597 20.396078054371138 26.92582403567252 58.69412236331676 34.40930106817051 40.8166632639171 6.708203932499369 26.832815729997478 35.608987629529715 57.38466694161429 36.40054944640259 29.120439557122072 28.600699292150182 39.96248240537617 60.207972893961475 15.0 37.64306044943742 37.20215047547655 31.304951684997057 44.598206241955516 42.01190307520001 45.12205669071391 25.495097567963924 42.941821107167776 56.0357029044876 7.615773105863909 67.26812023536856 60.959002616512684 37.20215047547655 60.30754513325841 0.0 39.59797974644666 41.43669871020132 31.78049716414141 48.79549159502341 39.698866482558415 12.206555615733702 54.48853090330111 31.78049716414141 49.678969393496885 43.139309220245984 40.36087214122113 24.0 36.76955262170047 53.36665625650534 67.94115100585212 64.38167441127949 48.91829923454004 47.80167361086848 44.598206241955516 31.38470965295043 53.48831648126533 64.35060217278468 71.19691004531025 73.7563556583431 9.899494936611665 42.20189569201838 65.60487786742691 75.07329751649384 67.68308503607086 63.788713735268246 66.57326790837296 45.27692569068709 9.219544457292887 70.09279563550022 44.28317965096906 4.123105625617661 50.039984012787215 70.0 19.1049731745428 30.4138126514911 74.21590126111789 64.20280367709809 49.03060268852505 95.26804291051643 43.01162633521314 76.24303246854758 21.633307652783937 76.57675887630658 69.3757882838098 39.59797974644666 0.0 68.4470598345904 21.213203435596427 9.219544457292887 54.037024344425184 43.41658669218482 68.59300255857006 15.033296378372908 60.8276253029822 59.033888572581766 55.036351623268054 59.0592922409336 63.56099432828282 81.58431221748455 77.20103626247513 76.68767828015137 60.67124524847005 75.50496672405067 82.15229759416349 44.01136216933077 51.894122981316485 51.22499389946279 97.65244492586962 46.09772228646444 74.33034373659252 34.785054261852174 30.01666203960727 45.31004303683677 97.09788875150684 70.76722405181653 24.596747752497688 23.769728648009426 73.33484846919642 99.85990186255943 54.589376255824725 68.73136110975832 23.345235059857504 48.877397639399746 81.00617260431454 48.82622246293481 6.4031242374328485 46.400431032480725 30.610455730027933 46.52956049652737 33.83784863137726 106.78014796768171 85.23496934944014 37.107950630558946 100.16985574512923 41.43669871020132 68.4470598345904 0.0 49.040799340956916 76.6550715869472 79.75587752636166 51.884487084291386 23.021728866442675 54.120236510939236 89.69392398596462 17.88854381999832 20.0 54.45181356024793 71.50524456289902 83.40863264674707 107.33592129385204 31.04834939252005 24.041630560342615 79.39773296511683 29.154759474226502 72.49827584156743 94.92101980067429 58.69412236331676 80.52949770115296 64.88451279003334 29.732137494637012 30.870698080866262 53.009433122794285 65.7419196555744 77.82673062643708 65.27633568147036 52.40229002629561 25.298221281347036 28.792360097775937 80.52949770115296 43.04648650006177 23.08679276123039 29.017236257093817 62.625873247404705 38.48376280978771 12.529964086141668 55.154328932550705 56.92099788303083 27.892651361962706 82.3286098510111 31.304951684997057 87.32124598286491 36.24913792078372 64.63745044476924 80.1311425102625 31.78049716414141 21.213203435596427 49.040799340956916 0.0 28.160255680657446 61.465437442517235 41.0 47.38143096192854 6.324555320336759 70.21395872616783 38.01315561749642 34.0147027033899 55.44366510251645 65.37583651472461 83.15046602394962 88.19297024139736 55.54277630799526 39.45883931389772 77.23341245859851 67.20863039818622 51.07837115648854 65.94694837519019 73.23933369440222 76.23647421018367 82.87943049997388 13.0 51.40038910358559 74.81310045707235 84.21995013059554 72.44308110509934 71.47027354082255 75.71657678474378 53.150729063673246 13.038404810405298 74.67261881037788 52.839379254491625 11.661903789690601 57.14017850864661 79.02531240052139 20.248456731316587 34.92849839314596 82.56512580987206 73.24616030891995 55.14526271584895 104.48444860360799 52.20153254455275 80.4114419718985 13.0 85.7962703152066 73.824115301167 48.79549159502341 9.219544457292887 76.6550715869472 28.160255680657446 0.0 60.207972893961475 52.15361924162119 75.05997601918082 22.561028345356956 66.06814663663572 66.12110101926616 62.12889826803627 67.7421582177598 71.16881339463234 89.02246907382428 81.39410298049853 82.60750571225353 67.06713054842886 82.96987405076617 91.26883367283708 50.635955604688654 55.08175741568164 37.0 19.4164878389476 50.039984012787215 47.265209192385896 46.22769732530488 55.78530272392541 52.03844732503075 17.69180601295413 18.788294228055936 60.728905802755904 67.89698078707183 47.16990566028302 20.518284528683193 25.238858928247925 50.00999900019995 76.4198926981712 44.04543109109048 42.720018726587654 73.92563831310488 82.29216244576394 41.10960958218893 81.21576201698781 76.23647421018367 47.01063709417264 27.586228448267445 72.69112738154499 60.13318551349163 20.615528128088304 39.698866482558415 54.037024344425184 79.75587752636166 61.465437442517235 60.207972893961475 0.0 28.0178514522438 94.17536832951598 57.56735185849702 10.0 82.80700453464067 79.90619500389191 30.066592756745816 17.88854381999832 31.622776601683793 28.284271247461902 104.06248123122954 88.3911760301898 26.248809496813376 72.83543093852057 10.44030650891055 21.18962010041709 21.2602916254693 46.69047011971501 32.449961479175904 41.773197148410844 18.384776310850235 31.064449134018133 34.132096331752024 45.60701700396552 24.73863375370596 35.05709628591621 40.80441152620633 41.10960958218893 48.41487374764082 2.8284271247461903 40.496913462633174 49.4064773081425 27.65863337187866 43.01162633521314 52.3450093132096 54.78138369920935 22.20360331117452 55.072679252057455 57.38466694161429 19.1049731745428 55.44366510251645 65.0 38.897300677553446 48.60041152089147 12.206555615733702 43.41658669218482 51.884487084291386 41.0 52.15361924162119 28.0178514522438 0.0 66.46803743153546 39.45883931389772 38.01315561749642 55.17245689653489 52.49761899362675 15.652475842498529 25.0 42.2965719651132 56.08029957123981 76.36753236814714 61.07372593840988 36.49657518178932 49.25444142409901 20.8806130178211 43.93176527297759 71.11961754677819 113.14592347937243 68.00735254367721 76.68767828015137 48.08326112068523 51.54609587543949 67.446274915669 111.8659912573969 88.60022573334675 46.57252408878007 26.92582403567252 75.7099729229908 114.69088891450794 69.29646455628166 70.21395872616783 19.313207915827967 70.00714249274856 84.8999411071645 41.30375285612676 27.294688127912362 66.64082832618455 20.024984394500787 69.26037828369117 47.38143096192854 121.75385004179539 80.50465825031493 59.841457201508724 114.76933388322858 54.48853090330111 68.59300255857006 23.021728866442675 47.38143096192854 75.05997601918082 94.17536832951598 66.46803743153546 0.0 53.600373133029585 104.1393297462587 11.40175425099138 14.7648230602334 72.94518489934754 89.20201791439474 103.07764064044152 122.42957159118053 9.899494936611665 8.0 98.47842403288143 52.03844732503075 85.42833253669417 106.0 58.52349955359813 76.32168761236873 65.86349520030045 23.40939982143925 32.202484376209235 55.226805085936306 66.88796603276258 73.40980860893181 63.0 55.226805085936306 30.59411708155671 22.47220505424423 76.05918747922567 41.19465984809196 16.76305461424021 35.014282800023196 63.071388124885914 32.202484376209235 17.69180601295413 60.08327554319921 57.271284253105414 34.20526275297414 84.86459803710851 32.802438933713454 82.73451516749222 31.906112267087632 66.70832032063167 75.58438992278762 31.78049716414141 15.033296378372908 54.120236510939236 6.324555320336759 22.561028345356956 57.56735185849702 39.45883931389772 53.600373133029585 0.0 65.92419889539804 44.01136216933077 40.01249804748511 54.57105459856901 63.00793600809346 81.00617260431454 83.6301381082203 61.84658438426491 45.70557952810576 75.0 70.43436661176133 47.12748667179272 60.60528029800704 45.39823785126467 10.44030650891055 58.137767414994535 53.08483775994799 56.22277118748239 65.14598989960932 60.13318551349163 7.810249675906654 25.079872407968907 70.22819946431775 77.78174593052023 53.150729063673246 10.63014581273465 35.22782990761707 56.71860364994893 86.27861844049197 52.15361924162119 47.16990566028302 82.73451516749222 92.13034245024816 49.8196748283246 90.9065454189081 84.0 57.0087712549569 17.69180601295413 78.02563681252464 68.73136110975832 10.63014581273465 49.678969393496885 60.8276253029822 89.69392398596462 70.21395872616783 66.06814663663572 10.0 38.01315561749642 104.1393297462587 65.92419889539804 0.0 92.76313923105448 89.8276126811795 38.8329756778952 24.08318915758459 32.802438933713454 18.439088914585774 114.02192771568107 98.29038610159185 28.653097563788805 81.78630692236935 19.4164878389476 17.69180601295413 60.92618484691127 101.82337649086284 59.033888572581766 66.61080993352356 36.796738985948195 42.579337712087536 58.69412236331676 100.4987562112089 77.6659513557904 38.118237105091836 15.652475842498529 65.62011886609167 103.32473082471591 58.0 60.29925372672534 9.0 60.440052945046304 74.52516353554684 34.17601498127012 23.853720883753127 56.64803615307419 13.601470508735444 63.788713735268246 36.124783736376884 110.39021695784459 72.78049189171504 52.009614495783374 103.39245620450265 43.139309220245984 59.033888572581766 17.88854381999832 38.01315561749642 66.12110101926616 82.80700453464067 55.17245689653489 11.40175425099138 44.01136216933077 92.76313923105448 0.0 4.0 62.26556030423239 78.2368199762746 92.59049627256569 111.07204868912791 21.2602916254693 7.0710678118654755 87.8179936004006 46.32493928760188 74.02702209328699 94.66784036831093 59.464274989274024 99.03534722511958 58.42088667591412 62.64982043070834 34.20526275297414 42.1070065428546 58.215118311311535 97.59098319004681 75.47184905645283 38.01315561749642 12.206555615733702 61.66036003787198 100.41912168506553 55.31726674375732 56.32051136131489 5.0 59.43904440685432 70.61161377563892 30.463092423455635 26.248809496813376 55.362442142665635 10.63014581273465 64.8459713474939 33.60059523282288 107.48953437428223 68.8839603971781 52.08646657242167 100.44899203078147 40.36087214122113 55.036351623268054 20.0 34.0147027033899 62.12889826803627 79.90619500389191 52.49761899362675 14.7648230602334 40.01249804748511 89.8276126811795 4.0 0.0 60.37383539249432 76.00657866263946 90.80198235721508 108.18964830333815 24.413111231467404 8.602325267042627 85.88364221433555 47.43416490252569 70.9365914038728 91.26883367283708 7.280109889280518 44.77722635447622 20.396078054371138 57.0087712549569 27.65863337187866 26.832815729997478 22.360679774997898 45.221676218380054 16.401219466856727 32.2490309931942 49.9799959983992 56.4003546088143 47.75981574503821 15.0 56.08029957123981 58.309518948453004 14.560219778561036 57.3149195236284 66.007575322837 55.60575509783138 11.045361017187261 65.14598989960932 46.69047011971501 27.892651361962706 54.230987451824994 80.62257748298549 30.066592756745816 48.38388161361178 24.0 59.0592922409336 54.45181356024793 55.44366510251645 67.7421582177598 30.066592756745816 15.652475842498529 72.94518489934754 54.57105459856901 38.8329756778952 62.26556030423239 60.37383539249432 0.0 17.204650534085253 30.463092423455635 54.62600113499065 82.66196223173026 68.8839603971781 25.553864678361276 42.95346318982906 28.160255680657446 50.24937810560445 22.47220505424423 28.160255680657446 34.52535300326414 58.872744118140105 42.05948168962618 43.9089968002003 36.49657518178932 29.274562336608895 1.0 49.39635614091387 64.88451279003334 58.52349955359813 31.575306807693888 22.561028345356956 59.90826320300064 73.43023900274328 28.635642126552707 56.43580423808985 77.10382610480494 72.80109889280519 27.313000567495326 79.62411694957753 60.03332407921454 42.5440947723653 37.64306044943742 84.11896337925236 45.60701700396552 32.38826948140329 36.76955262170047 63.56099432828282 71.50524456289902 65.37583651472461 71.16881339463234 17.88854381999832 25.0 89.20201791439474 63.00793600809346 24.08318915758459 78.2368199762746 76.00657866263946 17.204650534085253 0.0 18.110770276274835 37.94733192202055 99.02019995940222 84.59905436823747 12.041594578792296 59.135437767890075 22.20360331117452 39.0 32.202484376209235 30.675723300355934 40.0 76.53757247260981 57.87054518492115 53.81449618829484 41.617304093369626 34.0147027033899 18.027756377319946 59.464274989274024 80.4114419718985 76.24303246854758 35.11409973215888 40.11234224026316 77.87810988975015 88.76936408468859 35.38361202590826 73.40980860893181 94.64142856064674 83.54639429682169 37.013511046643494 95.51963149007642 61.35144660071187 58.18934610390462 38.63935817272331 101.92153844992725 51.61395160225576 36.40054944640259 53.36665625650534 81.58431221748455 83.40863264674707 83.15046602394962 89.02246907382428 31.622776601683793 42.2965719651132 103.07764064044152 81.00617260431454 32.802438933713454 92.59049627256569 90.80198235721508 30.463092423455635 18.110770276274835 0.0 38.47076812334269 112.6809655620682 99.28242543370907 6.082762530298219 65.45991139621256 39.0 50.32891812864648 60.40695324215582 9.848857801796104 72.27724399837061 68.65857557508748 74.41102068914255 81.43709228600933 74.21590126111789 10.63014581273465 38.897300677553446 86.76404785393545 96.17692030835673 68.8839603971781 7.810249675906654 53.2634959423431 73.08214556237385 104.6900186264192 66.48308055437865 61.5223536610881 100.72239075796404 109.41663493271945 65.19202405202648 109.34349546269316 97.01546268507923 75.16648189186454 1.0 92.5418824100742 83.5224520712844 8.06225774829855 67.94115100585212 77.20103626247513 107.33592129385204 88.19297024139736 81.39410298049853 28.284271247461902 56.08029957123981 122.42957159118053 83.6301381082203 18.439088914585774 111.07204868912791 108.18964830333815 54.62600113499065 37.94733192202055 38.47076812334269 0.0 132.32157798333574 116.67476162392619 37.0 97.082439194738 37.8021163428716 27.0 80.62257748298549 123.0447073221762 76.89603370785778 85.16454661418682 57.982756057296896 60.53924347066124 76.21679604916491 121.75385004179539 98.40731680114035 55.362442142665635 36.61966684720111 84.20213774008353 124.57929201917949 79.19595949289332 78.587530817554 28.653097563788805 79.20227269466452 93.60555539069249 48.041648597857254 34.132096331752024 76.05918747922567 27.65863337187866 76.00657866263946 57.28001396647874 131.64345787011217 87.02298546935747 68.15423684555495 124.65151423067431 64.38167441127949 76.68767828015137 31.04834939252005 55.54277630799526 82.60750571225353 104.06248123122954 76.36753236814714 9.899494936611665 61.84658438426491 114.02192771568107 21.2602916254693 24.413111231467404 82.66196223173026 99.02019995940222 112.6809655620682 132.32157798333574 0.0 16.55294535724685 108.16653826391968 59.21148537234985 95.26804291051643 115.66330446602328 67.77905281132217 107.56393447619885 66.09841147864296 68.8839603971781 42.80186911806539 49.64876634922564 65.76473218982953 106.06601717798213 84.05950273467003 45.17742799230607 20.518284528683193 67.91170738539859 108.89444430272832 63.89053137985315 62.369864518050704 12.206555615733702 67.446274915669 77.20103626247513 33.37663853655727 29.546573405388315 63.56886030125127 12.041594578792296 70.40596565632774 42.20189569201838 115.96551211459379 72.56031973468694 59.033888572581766 108.90362712049586 48.91829923454004 60.67124524847005 24.041630560342615 39.45883931389772 67.06713054842886 88.3911760301898 61.07372593840988 8.0 45.70557952810576 98.29038610159185 7.0710678118654755 8.602325267042627 68.8839603971781 84.59905436823747 99.28242543370907 116.67476162392619 16.55294535724685 0.0 94.41398201537736 52.952809179494906 79.30952023559341 99.29753269845128 28.284271247461902 28.284271247461902 37.589892258425 70.51950084905593 52.55473337388365 50.24937810560445 39.35733730830886 31.04834939252005 12.0 55.90169943749474 75.23961722390672 70.21395872616783 32.55764119219941 34.23448553724738 71.80529228406496 83.6719785830358 32.449961479175904 67.54257916307313 88.81441324469807 79.90619500389191 33.24154027718932 90.24965373894794 60.63827174318213 52.92447448959697 37.013511046643494 95.88013350011565 49.24428900898052 33.734255586866 47.80167361086848 75.50496672405067 79.39773296511683 77.23341245859851 82.96987405076617 26.248809496813376 36.49657518178932 98.47842403288143 75.0 28.653097563788805 87.8179936004006 85.88364221433555 25.553864678361276 12.041594578792296 6.082762530298219 37.0 108.16653826391968 94.41398201537736 0.0 63.13477647065839 33.1058907144937 45.803929962395145 36.68787265568828 87.28115489611719 25.553864678361276 85.0 40.24922359499622 18.24828759089466 23.853720883753127 88.05679985100527 58.18934610390462 15.652475842498529 45.48626166217664 84.09518416651456 90.52071586106685 51.088159097779204 81.00617260431454 49.24428900898052 30.870698080866262 89.19641248391103 71.40028011149536 25.079872407968907 32.01562118716424 57.38466694161429 17.46424919657298 39.35733730830886 96.76776322722355 102.20078277586722 13.892443989449804 91.21403400793103 44.598206241955516 82.15229759416349 29.154759474226502 67.20863039818622 91.26883367283708 72.83543093852057 49.25444142409901 52.03844732503075 70.43436661176133 81.78630692236935 46.32493928760188 47.43416490252569 42.95346318982906 59.135437767890075 65.45991139621256 97.082439194738 59.21148537234985 52.952809179494906 63.13477647065839 0.0 69.00724599634447 92.0869154657707 35.4400902933387 29.5296461204668 48.507731342539614 37.8549864614954 38.07886552931954 51.15662224971465 50.44799302251776 27.202941017470888 22.80350850198276 55.57877292636101 58.7962583843564 37.656340767525464 30.0 18.439088914585774 40.049968789001575 67.20863039818622 42.720018726587654 34.438350715445125 63.56099432828282 75.61084578286372 38.63935817272331 71.58910531638176 74.73285756613352 38.948684188300895 37.013511046643494 63.34824385884742 57.3149195236284 29.832867780352597 31.38470965295043 44.01136216933077 72.49827584156743 51.07837115648854 50.635955604688654 10.44030650891055 20.8806130178211 85.42833253669417 47.12748667179272 19.4164878389476 74.02702209328699 70.9365914038728 28.160255680657446 22.20360331117452 39.0 37.8021163428716 95.26804291051643 79.30952023559341 33.1058907144937 69.00724599634447 0.0 23.194827009486403 57.42821606144492 24.698178070456937 70.57619995437555 42.720018726587654 60.166435825965294 74.33034373659252 72.56031973468694 20.248456731316587 39.92492955535426 78.77182237323191 79.07591289387686 43.08131845707603 21.587033144922902 41.593268686170845 47.853944456021594 87.09190547921202 64.6297145282261 34.92849839314596 78.24321056807422 98.37174391053561 61.1310068623117 90.27181176868004 96.87620966986684 61.09828148156051 26.0 65.76473218982953 80.05623023850174 20.396078054371138 53.48831648126533 51.894122981316485 94.92101980067429 65.94694837519019 55.08175741568164 21.18962010041709 43.93176527297759 106.0 60.60528029800704 17.69180601295413 94.66784036831093 91.26883367283708 50.24937810560445 39.0 50.32891812864648 27.0 115.66330446602328 99.29753269845128 45.803929962395145 92.0869154657707 23.194827009486403 0.0

rob_x  18 90 14 33 26 26 47 51 48 23 72 85 49 6 64 67 46 12 90 63
rob_y  58 50 68 6 42 22 80 59 20 0 20 30 16 77 91 87 61 38 91 74
rob_vel  1.1373175112850533 1.8298974325831394 0.30327964723396494 1.6470399672717302 0.5742630420142025 0.35207819544887 1.0242325619480717 1.3884991645026725 2.1412083999913727 1.506905395454097 0.4816016399676834 2.4253559754824727 1.5596810645228552 0.6177271104846906 0.7246382476717378 0.8581706982567991 1.0043405697029384 1.628766831652417 1.0935740688249076 0.6355259408650669
rob_abi  0.9249405667908266 0.5202173218744844 0.8840535383458067 0.7770003761089862 1.0066852727653217 1.0714253367215791 1.0018431384339985 1.0813824515848707 0.7661472748883957 0.17712539231926824 1.009409657354368 0.9592837271493655 0.9082339522408603 0.7426025370504461 0.7084494829659042 1.0250059867800805 0.07433186006979779 0.3030394992810191 1.0654820726535823 0.06986312874533844

tsk_x  74 90 76 27 45 60 76 86 82 56 25 27 88 60 24 18 76 33 6 38 71 10 80 45 93 2 70 87 48 20 34 17 14 74 58 11 19 80 18 18 72 82 100 94 4 11 94 63 64 67
tsk_y  41 89 28 83 42 24 26 91 61 20 31 82 93 57 77 26 34 90 49 4 37 28 2 41 98 88 18 94 48 76 9 55 83 78 55 8 61 86 17 21 48 62 60 98 1 16 61 6 75 98
tsk_rat  0.9046524370475169 0.06086438997454637 0.6294199492440228 0.8726787200708397 0.8274760733309082 0.1429026131639448 0.1248366540724885 1.1780415385341727 0.0466475370600909 0.9061698500552828 0.04686142927389647 0.3019187992823161 0.6486346580951818 0.5450615333642218 0.30146204904702706 0.09289643106178187 0.48094253404830095 0.27318030594048365 0.0034029120618745967 1.1906173988222295 0.011688518408106141 0.7713293080814567 0.9852618687018746 0.5331961694392509 1.1718168146944516 0.42295851271747636 0.8363917976905682 0.47560859776575826 0.23446423899451768 0.6595190041440321 0.7595470167351817 0.7012661263745613 1.0358305344994299 0.4722314876643092 1.0328925666272568 0.023984282308404836 0.10621399546012485 0.6799923405362523 0.6655942134636859 0.4297520017925047 0.8748909482729718 0.13920468694051583 0.3378344645517686 0.41795622315003517 0.1355922598958729 1.0626488779673948 0.5729551542121589 0.8054564850250681 0.7258954929590157 0.22055685853584914
tsk_state  0.1976455007903501 0.14520382330838202 1.0631053207206007 0.9651520348973489 0.5468275846170837 0.9864785807605075 0.8698271686114382 0.18179574267701248 1.121696944937895 0.5686513770181791 0.18896265412276847 0.10822524836370291 0.482425958247688 0.4123982789707032 0.6956843095141503 0.9940297133867806 1.1769194572189552 0.1139293061835688 1.1452660406059663 1.1240506144711055 0.2783733344315437 0.3575759200223587 1.0239976026431012 0.8085819294238203 0.22112478826419849 0.7411655621451047 0.19073011181575597 0.3837437108815985 0.8740786085723601 1.0109355799242945 0.7505038212911337 0.7015213685256326 0.3609556149756977 0.2677031461639139 0.8499202104042353 0.5298402197619961 0.12746607085204914 0.11456339259471493 1.1571518429426229 1.1264098401354108 0.8584900697028757 1.0109424977580117 1.0975474730224892 0.935632788498026 0.26979538953253257 0.5632907208586911 0.42015684405526266 1.1463431945713967 0.3071884813549309 0.12814190705286244
